0 0.436389 0.474074 0.325000 0.262963
1 0.171806 0.776852 0.284722 0.246296
0 0.673889 0.378704 0.202778 0.153704
0 0.402361 0.168519 0.151389 0.103704
0 0.581528 0.199074 0.129167 0.087037
0 0.569722 0.119444 0.100000 0.083333
0 0.564861 0.062963 0.095833 0.070370
0 0.682222 0.090741 0.102778 0.051852
0 0.780139 0.157407 0.095833 0.062963
0 0.438472 0.096296 0.123611 0.059259
0 0.322500 0.033333 0.083333 0.051852
0 0.269028 0.112037 0.118056 0.057407
1 0.807917 0.562037 0.212500 0.212963
1 0.818333 0.771296 0.200000 0.201852